1111001110010
1111100111110
0000000000011
0000010111110
0000101101111
0001000010100
0001010101011
0001100110101
0001110101111
0010000011001
0010001110010
0010010111010
0010011110000
0010100010100
0010100100110
0010100100101
0010100010011
0010011101111
0010010111010
0010001110101
0010000011111
0001110111100
0001101001010
0001011001100
0001001000010
0000110101111
0000100010011
0000001110001
1111111001001
1111100011101
1111001110000
1110111000010
1110100010101
1110001101010
1101111000101
1101100100110
1101010001111
1100111111111
1100101111011
1100100000011
1100010010111
1100000111010
1011111101011
1011110101100
1011101111101
1011101011110
1011101010001
1011101010101
1011101101011
1011110010010
1011111001001
1100000010001
1100001101001
1100011010001
1100101000111
1100111001001
1101001011001
1101011110011
1101110010111
1110001000100
1110011110111
1110110101111
1111001101100
1111100101010
1111111101001
0000010100111
0000101100001
0001000010111
0001011001000
0001101110001
0010000010000
0010010100101
0010100101111
0010110101100
0011000011010
0011001111010
0011011001010
0011100001010
0011100111001
0011101010111
0011101100010
0011101011101
0011101000101
0011100011100
0011011100011
0011010011001
0011000111111
0010111010110
0010101011111
0010011011100
0010001001101
0001110110011
0001100010000
0001001100110
0000110110101
0000100000001
0000001001001
1111110010000
1111011011001
1111000100010
1110101110000
1110011000010
1110000011100
1101101111111
1101011101011
1101001100010
1100111100110
1100101110111
1100100010110
1100011000101
1100010000011
1100001010011
1100000110100
1100000100110
1100000101001
1100000111110
1100001100101
1100010011100
1100011100100
1100100111100
1100110100010
1101000010111
1101010011010
1101100101000
1101111000001
1110001100100
1110100001111
1110110111111
1111001110100
1111100101110
1111111101001
0000010100011
0000101011100
0001000010011
0001011000100
0001101101110
0010000010000
0010010101010
0010100111000
0010110111011
0011000110000
0011010010111
0011011101111
0011100110111
0011101101110
0011110010101
0011110101010
0011110101110
0011110100000
0011110000001
0011101010000
0011100001111
0011010111110
0011001011101
0010111101101
0010101110000
0010011100111
0010001010010
0001110110100
0001100001100
0001001011111
0000110101100
0000011110100
0000000111011
1111110000000
1111011000111
1111000010001
1110101011111
1110010110010
1110000001101
1101101110010
1101011100001
1101001011010
1100111100001
1100101110110
1100100011001
1100011001100
1100010010000
1100001100100
1100001001001
1100001000000
1100001001001
1100001100011
1100010001111
1100011001011
1100100010111
1100101110011
1100111011110
1101001011000
1101011011101
1101101101110
1110000001010
1110010101111
1110101011011
1111000001110
1111011000100
1111101111101
0000000111000
0000011110001
0000110101001
0001001011101
0001100001100
0001110110100
0010001010010
0010011101000
0010101110010
0010111110000
0011001100000
0011011000010
0011100010100
0011101010111
0011110001000
0011110101000
0011110111000
0011110110101
0011110100001
0011101111011
0011101000101
0011011111110
0011010100111
0011001000001
0010111001101
0010101001100
0010010111110
0010000100110
0001110000100
0001011011010
0001000101010
0000101110101
0000010111100
0000000000010
1111101001000
1111010010000
1110111011010
1110100101001
1110010000000
1101111011110
1101101000101
1101010110111
1101000110100
1100111000000
1100101011010
1100100000010
1100010111011
1100010000100
1100001011101
1100001001001
1100001000101
1100001010011
1100001110011
1100010100100
1100011100110
1100100110111
1100110011000
1101000001000
1101010000101
1101100001111
1101110100100
1110001000011
1110011101010
1110110011000
1111001001100
1111100000100
1111110111101
0000001111000
0000100110010
0000111100111
0001010011010
0001101000111
0001111101100
0010010000111
0010100011001
0010110011111
0011000011000
0011010000011
0011011100000
0011100101110
0011101101010
0011110010110
0011110110001
0011110111010
0011110110010
0011110011000
0011101101100
0011100110000
0011011100100
0011010001000
0011000011101
0010110100100
0010100011111
0010010001101
0001111110001
0001101001101
0001010100001
0000111101111
0000100111001
0000001111111
1111111000100
1111100001011
1111001010100
1110110011111
1110011110001
1110001001001
1101110101011
1101100010101
1101010001011
1101000001110
1100110011101
1100100111011
1100011101001
1100010100111
1100001110101
1100001010101
1100001000110
1100001001000
1100001011100
1100010000010
1100010111001
1100100000000
1100101010110
1100110111100
1101000110001
1101010110010
1101101000000
1101111011000
1110001111010
1110100100100
1110111010100
1111010001001
1111101000010
1111111111100
0000010110110
0000101101110
0001000100100
0001011010101
0001101111110
0010000100000
0010010111010
0010101000111
0010111001010
0011000111110
0011010100100
0011011111100
0011101000100
0011101111011
0011110100001
0011110110110
0011110111010
0011110101011
0011110001011
0011101011010
0011100011001
0011011000111
0011001100110
0010111110110
0010101111001
0010011101111
0010001011010
0001110111100
0001100010100
0001001100111
0000110110011
0000011111011
0000001000001
1111110000110
1111011001101
1111000010111
1110101100101
1110010111000
1110000010011
1101101110111
1101011100110
1101001011111
1100111100110
1100101111011
1100100011110
1100011010001
1100010010100
1100001101000
1100001001110
1100001000101
1100001001101
1100001100111
1100010010010
1100011001110
1100100011011
1100101110111
1100111100010
1101001011011
1101011100000
1101101110001
1110000001101
1110010110010
1110101011110
1111000010000
1111011000110
1111110000000
0000000111010
0000011110100
0000110101011
0001001011111
0001100001110
0001110110110
0010001010100
0010011101010
0010101110100
0010111110001
0011001100010
0011011000100
0011100010110
0011101011000
0011110001010
0011110101010
0011110111001
0011110110111
0011110100010
0011101111101
0011101000110
0011011111111
0011010101001
0011001000011
0010111001110
0010101001101
0010010111111
0010000100111
0001110000101
0001011011011
0001000101011
0000101110110
0000010111101
0000000000011
1111101001001
1111010010001
1110111011011
1110100101010
1110010000001
1101111011111
1101101000101
1101010111000
1101000110101
1100111000001
1100101011011
1100100000011
1100010111011
1100010000100
1100001011110
1100001001001
1100001000101
1100001010100
1100001110100
1100010100101
1100011100110
1100100111000
1100110011001
1101000001001
1101010000110
1101100010000
1101110100101
1110001000011
1110011101011
1110110011000
1111001001100
1111100000100
1111110111101
0000001111000
0000100110010
0000111101000
0001010011010
0001101000111
0001111101100
0010010001000
0010100011001
0010110100000
0011000011001
0011010000100
0010001011001
0010001000000
0010000101000
0010000001111
0001111110100
0001111011001
0001110111100
0001110011100
0001101111100
0001101011010
0001100111001
0001100010111
0001011110110
0001011010111
0001010111011
0001010100000
0001010001001
0001001110101
0001001100100
0001001010111
0001001001011
0001001000001
0001000111001
0001000110001
0001000101000
0001000011111
0001000010100
0001000000111
0000111111000
0000111100111
0000111010101
0000111000001
0000110101011
0000110010101
0000110000000
0000101101100
0000101011010
0000101001001
0000100111100
0000100110010
0000100101011
0000100100110
0000100100011
0000100100001
0000100100001
0000100100010
0000100100010
0000100100000
0000100011110
0000100011001
0000100010010
0000100001000
0000011111100
0000011101111
0000011100001
0000011010001
0000011000010
0000010110011
0000010100110
0000010011011
0000010010011
0000010001100
0000010001001
0000010001000
0000010001010
0000010001101
0000010010010
0000010010110
0000010011011
0000010011110
0000010011111
0000010011110
0000010011100
0000010010110
0000010001110
0000010000101
0000001111001
0000001101101
0000001100001
0000001010101
0000001001011
0000001000010
0000000111011
0000000111000
0000000110111
0000000110111
0000000111100
0000001000001
0000001000111
0000001001110
0000001010100
0000001011010
0000001011110
0000001011111
0000001011111
0000001011101
0000001010111
0000001001111
0000001000110
0000000111100
0000000110001
0000000100110
0000000011101
0000000010101
0000000010000
0000000001100
0000000001100
0000000001110
0000000010010
0000000011000
0000000100000
0000000101000
0000000110000
0000000110110
0000000111011
0000001000000
0000001000000
0000000111111
0000000111011
0000000110100
0000000101100
0000000100011
0000000011001
0000000001111
0000000000111
1111111111111
1111111111010
1111111110111
1111111110110
1111111111000
1111111111101
0000000000011
0000000001011
0000000010011
0000000011100
0000000100100
0000000101010
0000000101110
0000000110000
0000000110000
0000000101100
0000000100111
0000000100000
0000000011000
0000000001110
0000000000100
1111111111011
1111111110100
1111111101111
1111111101011
1111111101011
1111111101101
1111111110001
1111111111000
1111111111111
0000000001000
0000000010001
0000000011001
0000000011111
0000000100100
0000000100111
0000000101000
0000000100110
0000000100010
0000000011011
0000000010011
0000000001001
0000000000000
1111111110111
1111111101111
1111111101010
1111111100110
1111111100101
1111111100111
1111111101011
1111111110000
1111111111001
0000000000001
0000000001010
0000000010011
0000000011010
0000000011111
0000000100011
0000000100100
0000000100010
0000000011111
0000000011000
0000000010000
0000000001000
1111111111111
1111111110110
1111111101110
1111111100111
1111111100100
1111111100010
1111111100011
1111111100111
1111111101100
1111111110100
1111111111100
0000000000101
0000000001110
0000000010110
0000000011100
0000000100000
0000000100010
0000000100001
0000000011101
0000000011000
0000000010001
0000000001000
1111111111111
1111111110110
1111111101110
1111111101000
1111111100010
1111111100001
1111111100001
1111111100100
1111111101010
1111111110001
1111111111001
0000000000010
0000000001011
0000000010011
0000000011010
0000000011110
0000000100001
0000000100001
0000000011110
0000000011001
0000000010010
0000000001001
0000000000000
1111111110111
1111111101110
1111111101000
1111111100010
1111111100000
1111111100000
1111111100011
1111111101000
1111111101111
1111111110110
0000000000000
0000000001001
0000000010001
0000000011000
0000000011101
0000000100000
0000000100000
0000000011110
0000000011001
0000000010011
0000000001011
0000000000010
1111111111000
1111111110000
1111111101001
1111111100100
1111111100001
1111111100000
1111111100010
1111111100101
1111111101100
1111111110100
1111111111101
0000000000110
0000000001111
0000000010111
0000000011100
0000000011111
0000000100000
0000000011110
0000000011010
0000000010100
0000000001100
0000000000011
1111111111010
1111111110001
1111111101010
1111111100100
1111111100000
1111111011111
1111111100001
1111111100100
1111111101011
1111111110011
1111111111011
0000000000100
0000000001101
0000000010101
0000000011011
0000000011110
0000000100000
0000000011111
0000000011011
0000000010101
0000000001110
0000000000101
1111111111100
1111111110011
1111111101100
1111111100101
1111111100001
1111111011111
1111111100000
1111111100100
1111111101001
1111111110000
1111111111001
0000000000010
0000000001011
0000000010011
0000000011001
0000000011110
0000000011111
0000000011111
0000000011100
0000000010111
0000000010000
0000000000111
1111111111110
1111111110101
1111111101110
1111111100110
1111111100010
1111111100000
1111111100000
1111111100011
1111111100111
1111111101110
1111111110111
0000000000000
0000000001001
0000000010010
0000000011000
0000000011101
0000000100000
0000000100000
0000000011101
0000000011000
0000000010001
0000000001001
0000000000000
1111111110111
1111111101110
1111111101000
1111111100011
1111111011111
1111111011111
1111111100001
1111111100110
1111111101101
1111111110101
1111111111110
0000000000111
0000000010000
0000000010110
0000000011100
0000000011111
0000000100000
0000000011110
0000000011010
0000000010011
0000000001100
0000000000010
1111111111001
1111111110000
1111111101001
1111111100011
1111111100000
1111111011111
1111111100001
1111111100101
1111111101011
1111111110100
1111111111100
0000000000101
0000000001110
0000000010101
0000000011011
0000000011111
0000000100000
0000000011110
0000000011011
0000000010100
0000000001101
0000000000100
1111111111011
1111111110010
1111111101011
1111111100100
1111111100001
1111111011111
1111111100000
1111111100100
1111111101010
1111111110001
1111111111010
0000000000011
0000000001100
0000000010100
0000000011010
0000000011110
0000000100000
0000000011111
0000000011011
0000000010110
0000000001111
0000000000110
1111111111101
1111111110100
1111111101101
1111111100110
1111111100001
1111111100000
1111111100000
1111111100011
1111111101000
1111111101111
1111111111000
0000000000001
0000000001010
0000000010010
0000000011001
0000000011101
0000000011111
0000000011111
0000000011100
0000000011000
0000000010001
0000000001000
1111111111111
1111111110110
1111111101101
1111111100111
1111111100010
1111111100000
1111111011111
1111111100010
1111111100111
1111111101110
1111111110110
1111111111111
0000000001000
0000000010001
0000000010111
0000000011100
0000000100000
0000000100000
0000000011110
0000000011001
0000000010010
0000000001010
0000000000001
1111111111000
1111111101111
1111111101001
1111111100011
1111111100000
1111111011111
1111111100001
1111111100101
1111111101100
1111111110011
1111111111101
0000000000110
0000000001111
0000000010110
0000000011100
0000000011111
0000000100000
0000000011110
0000000011010
1111100110011
1111100111001
1111100111111
1111101000101
1111101001011
1111101010000
1111101010101
1111101011010
1111101011111
1111101100100
1111101101001
1111101101101
1111101110010
1111101110110
1111101111010
1111101111110
1111110000010
1111110000110
1111110001001
1111110001101
1111110010000
1111110010100
1111110010111
1111110011010
1111110011101
1111110100000
1111110100011
1111110100110
1111110101000
1111110101011
1111110101110
1111110110000
1111110110010
1111110110101
1111110110111
1111110111001
1111110111011
1111110111101
1111110111111
1111111000001
1111111000011
1111111000101
1111111000111
1111111001000
1111111001010
1111111001100
1111111001101
1111111001111
1111111010000
1111111010010
1111111010011
1111111010100
1111111010110
1111111010111
1111111011000
1111111011001
1111111011010
1111111011011
1111111011101
1111111011110
1111111011111
1111111100000
1111111100001
1111111100001
1111111100010
1111111100011
1111111100100
1111111100101
1111111100110
1111111100111
1111111100111
1111111101000
1111111101001
1111111101001
1111111101010
1111111101011
1111111101011
1111111101100
1111111101100
1111111101101
1111111101110
1111111101110
1111111101111
1111111101111
1111111110000
1111111110000
1111111110001
1111111110001
1111111110001
1111111110010
1111111110010
1111111110011
1111111110011
1111111110100
1111111110100
1111111110100
1111111110101
1111111110101
1111111110101
1111111110101
1111111110110
1111111110110
1111111110110
1111111110111
1111111110111
1111111110111
1111111110111
1111111111000
1111111111000
1111111111000
1111111111000
1111111111001
1111111111001
1111111111001
1111111111001
1111111111001
1111111111010
1111111111010
1111111111010
1111111111010
1111111111010
1111111111010
1111111111010
1111111111011
1111111111011
1111111111011
1111111111011
1111111111011
1111111111011
1111111111100
1111111111100
1111111111100
1111111111100
1111111111100
1111111111100
1111111111100
1111111111100
1111111111100
1111111111100
1111111111101
1111111111101
1111111111101
1111111111101
1111111111101
1111111111101
1111111111101
1111111111101
1111111111101
1111111111101
1111111111101
1111111111101
1111111111101
1111111111110
1111111111110
1111111111110
1111111111110
1111111111110
1111111111110
1111111111110
1111111111110
1111111111110
1111111111110
1111111111110
1111111111110
1111111111110
1111111111110
1111111111110
1111111111110
1111111111110
1111111111110
1111111111110
1111111111110
1111111111110
1111111111110
1111111111110
1111111111110
1111111111111
1111111111111
1111111111111
1111111111111
1111111111111
1111111111111
1111111111111
1111111111111
1111111111111
1111111111111
1111111111111
1111111111111
1111111111111
1111111111111
1111111111111
1111111111111
1111111111111
1111111111111
1111111111111
1111111111111
1111111111111
1111111111111
1111111111111
1111111111111
1111111111111
1111111111111
1111111111111
1111111111111
1111111111111
1111111111111
1111111111111
1111111111111
1111111111111
1111111111111
1111111111111
1111111111111
1111111111111
1111111111111
1111111111111
1111111111111
1111111111111
1111111111111
1111111111111
1111111111111
1111111111111
1111111111111
1111111111111
1111111111111
1111111111111
1111111111111
1111111111111
1111111111111
1111111111111
1111111111111
1111111111111
1111111111111
1111111111111
1111111111111
1111111111111
1111111111111
1111111111111
1111111111111
1111111111111
1111111111111
1111111111111
1111111111111
1111111111111
1111111111111
1111111111111
1111111111111
1111111111111
1111111111111
1111111111111
1111111111111
1111111111111
1111111111111
1111111111111
1111111111111
1111111111111
1111111111111
1111111111111
1111111111111
1111111111111
1111111111111
1111111111111
1111111111111
1111111111111
1111111111111
1111111111111
1111111111111
1111111111111
1111111111111
1111111111111
1111111111111
1111111111111
1111111111111
1111111111111
1111111111111
1111111111111
1111111111111
1111111111111
1111111111111
1111111111111
1111111111111
1111111111111
1111111111111
1111111111111
1111111111111
1111111111111
1111111111111
1111111111111
1111111111111
1111111111111
1111111111111
1111111111111
1111111111111
1111111111111
1111111111111
1111111111111
1111111111111
1111111111111
1111111111111
1111111111111
1111111111111
1111111111111
1111111111111
1111111111111
1111111111111
1111111111111
1111111111111
1111111111111
1111111111111
1111111111111
1111111111111
1111111111111
1111111111111
1111111111111
1111111111111
1111111111111
1111111111111
1111111111111
1111111111111
1111111111111
1111111111111
1111111111111
1111111111111
1111111111111
1111111111111
1111111111111
1111111111111
1111111111111
1111111111111
1111111111111
1111111111111
1111111111111
1111111111111
1111111111111
1111111111111
1111111111111
1111111111111
1111111111111
1111111111111
1111111111111
1111111111111
1111111111111
1111111111111
1111111111111
1111111111111
1111111111111
1111111111111
1111111111111
1111111111111
1111111111111
1111111111111
1111111111111
1111111111111
1111111111111
1111111111111
1111111111111
1111111111111
1111111111111
1111111111111
1111111111111
1111111111111
1111111111111
1111111111111
1111111111111
1111111111111
1111111111111
1111111111111
1111111111111
1111111111111
1111111111111
1111111111111
1111111111111
1111111111111
1111111111111
1111111111111
1111111111111
1111111111111
1111111111111
1111111111111
1111111111111
1111111111111
1111111111111
1111111111111
1111111111111
1111111111111
1111111111111
1111111111111
1111111111111
1111111111111
1111111111111
1111111111111
1111111111111
1111111111111
1111111111111
1111111111111
1111111111111
1111111111111
1111111111111
1111111111111
1111111111111
1111111111111
1111111111111
1111111111111
1111111111111
1111111111111
1111111111111
1111111111111
1111111111111
1111111111111
1111111111111
1111111111111
1111111111111
1111111111111
1111111111111
1111111111111
1111111111111
1111111111111
1111111111111
1111111111111
1111111111111
1111111111111
1111111111111
1111111111111
1111111111111
1111111111111
1111111111111
1111111111111
1111111111111
1111111111111
1111111111111
1111111111111
1111111111111
1111111111111
1111111111111
1111111111111
1111111111111
1111111111111
1111111111111
1111111111111
1111111111111
1111111111111
1111111111111
1111111111111
1111111111111
1111111111111
1111111111111
1111111111111
1111111111111
1111111111111
1111111111111
1111111111111
1111111111111
1111111111111
1111111111111
1111111111111
1111111111111
1111111111111
1111111111111
1111111111111
1111111111111
1111111111111
1111111111111
1111111111111
1111111111111
1111111111111
1111111111111
1111111111111
1111111111111
1111111111111
1111111111111
1111111111111
1111111111111
1111111111111
1111111111111
1111111111111
1111111111111
1111100111001
1111101000000
1111101000110
1111101001101
1111101010010
1111101010111
1111101011100
1111101100000
1111101100100
1111101101001
1111101101100
1111101110000
1111101110100
1111101111000
1111101111100
1111110000001
1111110000110
1111110001010
1111110001110
1111110010010
1111110010110
1111110011001
1111110011100
1111110011110
1111110100001
1111110100011
1111110100101
1111110100111
1111110101001
1111110101011
1111110101110
1111110110000
1111110110100
1111110110111
1111110111001
1111110111100
1111110111111
1111111000001
1111111000011
1111111000101
1111111000110
1111111000111
1111111001000
1111111001001
1111111001001
1111111001011
1111111001101
1111111001110
1111111010001
1111111010010
1111111010100
1111111010111
1111111011000
1111111011010
1111111011011
1111111011100
1111111011101
1111111011101
1111111011101
1111111011111
1111111011111
1111111011110
1111111011111
1111111100000
1111111100001
1111111100011
1111111100101
1111111100110
1111111101000
1111111101001
1111111101010
1111111101011
1111111101011
1111111101011
1111111101100
1111111101011
1111111101011
1111111101011
1111111101011
1111111101100
1111111101100
1111111101101
1111111101110
1111111110000
1111111110000
1111111110010
1111111110011
1111111110100
1111111110100
1111111110100
1111111110100
1111111110011
1111111110011
1111111110011
1111111110010
1111111110010
1111111110011
1111111110011
1111111110101
1111111110101
1111111110110
1111111111000
1111111111000
1111111111001
1111111111001
1111111111001
1111111111010
1111111111001
1111111111000
1111111111000
1111111110111
1111111110111
1111111110111
1111111110111
1111111110111
1111111111001
1111111111010
1111111111010
1111111111011
1111111111100
1111111111100
1111111111101
1111111111101
1111111111100
1111111111100
1111111111011
1111111111010
1111111111010
1111111111001
1111111111010
1111111111010
1111111111010
1111111111011
1111111111100
1111111111100
1111111111101
1111111111110
1111111111110
1111111111110
1111111111111
1111111111110
1111111111101
1111111111101
1111111111100
1111111111011
1111111111011
1111111111011
1111111111011
1111111111100
1111111111101
1111111111110
1111111111111
1111111111111
0000000000000
0000000000000
0000000000000
0000000000000
1111111111111
1111111111110
1111111111110
1111111111101
1111111111100
1111111111100
1111111111100
1111111111100
1111111111101
1111111111110
1111111111110
1111111111111
0000000000000
0000000000000
0000000000000
0000000000000
1111111111111
1111111111111
1111111111110
1111111111101
1111111111101
1111111111100
1111111111101
1111111111101
1111111111101
1111111111110
1111111111111
1111111111111
0000000000000
0000000000001
0000000000001
0000000000001
0000000000001
0000000000000
1111111111111
1111111111111
1111111111110
1111111111101
1111111111101
1111111111101
1111111111101
1111111111110
1111111111110
1111111111111
0000000000000
0000000000000
0000000000001
0000000000001
0000000000001
0000000000001
0000000000000
1111111111111
1111111111111
1111111111110
1111111111101
1111111111101
1111111111101
1111111111101
1111111111110
1111111111111
1111111111111
0000000000000
0000000000001
0000000000001
0000000000001
0000000000001
0000000000000
0000000000000
1111111111111
1111111111110
1111111111110
1111111111101
1111111111101
1111111111101
1111111111101
1111111111110
1111111111111
1111111111111
0000000000000
0000000000001
0000000000001
0000000000001
0000000000001
0000000000000
1111111111111
1111111111111
1111111111110
1111111111101
1111111111101
1111111111101
1111111111101
1111111111111
1111111111111
0000000000000
0000000000001
0000000000001
0000000000010
0000000000001
0000000000001
0000000000001
0000000000000
1111111111111
1111111111111
1111111111110
1111111111101
1111111111101
1111111111101
1111111111101
1111111111111
0000000000000
0000000000000
0000000000001
0000000000010
0000000000010
0000000000001
0000000000001
0000000000000
0000000000000
1111111111111
1111111111110
1111111111110
1111111111101
1111111111101
1111111111101
1111111111110
1111111111111
0000000000000
0000000000000
0000000000001
0000000000010
0000000000001
0000000000001
0000000000001
0000000000000
1111111111111
1111111111111
1111111111110
1111111111101
1111111111101
1111111111110
1111111111110
1111111111111
1111111111111
0000000000000
0000000000001
0000000000001
0000000000010
0000000000010
0000000000001
0000000000001
0000000000000
1111111111111
1111111111111
1111111111110
1111111111101
1111111111101
1111111111110
1111111111110
1111111111111
0000000000000
0000000000000
0000000000001
0000000000010
0000000000010
0000000000010
0000000000001
0000000000000
0000000000000
1111111111111
1111111111110
1111111111110
1111111111101
1111111111101
1111111111101
1111111111110
1111111111111
0000000000000
0000000000000
0000000000001
0000000000010
0000000000010
0000000000001
0000000000001
0000000000000
1111111111111
1111111111111
1111111111110
1111111111101
1111111111101
1111111111110
1111111111110
1111111111111
1111111111111
0000000000000
0000000000001
0000000000001
0000000000010
0000000000010
0000000000010
0000000000001
0000000000000
1111111111111
1111111111111
1111111111110
1111111111101
1111111111101
1111111111110
1111111111110
1111111111111
0000000000000
0000000000000
0000000000001
0000000000010
0000000000010
0000000000010
0000000000001
0000000000000
0000000000000
1111111111111
1111111111110
1111111111110
1111111111101
1111111111101
1111111111101
1111111111110
1111111111111
0000000000000
0000000000000
0000000000001
0000000000010
0000000000010
0000000000010
0000000000001
0000000000000
1111111111111
1111111111111
1111111111110
1111111111101
1111111111101
1111111111110
1111111111110
1111111111111
1111111111111
0000000000000
0000000000001
0000000000001
0000000000010
0000000000010
0000000000010
0000000000001
0000000000000
1111111111111
1111111111111
1111111111110
1111111111101
1111111111101
1111111111110
1111111111110
1111111111111
0000000000000
0000000000000
0000000000001
0000000000010
0000000000010
0000000000010
0000000000001
0000000000000
0000000000000
1111111111111
1111111111110
1111111111110
1111111111101
1111111111101
1111111111101
1111111111110
1111111111111
0000000000000
0000000000000
0000000000001
0000000000010
0000000000010
0000000000010
0000000000001
0000000000000
1111111111111
1111111111111
1111111111110
1111111111101
1111111111101
1111111111110
1111111111110
1111111111111
1111111111111
0000000000000
0000000000001
0000000000001
0000000000010
0000000000010
0000000000001
0000000000001
0000000000000
1111111111111
1111111111111
1111111111110
1111111111101
1111111111101
1111111111110
1111111111110
1111111111111
0000000000000
0000000000000
0000000000001
0000000000010
0000000000010
0000000000010
0000000000001
0000000000000
0000000000000
0000101100101
0111111110011
1000001101110
1000011100101
1000101011001
1000111001010
1001000110111
1001010100000
1001000010001
1000110000110
1000011111111
1000001111101
0111111111110
0111110000011
0111100001101
0111110001111
1000000001110
1000010001000
1000011111111
1000101110010
0001101001010
1000111001000
1000100111111
1000010111011
1000000111010
0111110111101
0111101000101
0111011010000
0111101010100
0111111010100
1000001010000
1000011001001
1000100111110
1000110101111
1001000011100
1000110010001
1000100001010
1000010000111
1000000001000
0111110001101
0000001111111
0111100010011
0111110010101
1000000010011
1000010001101
1000100000100
1000101110111
1000111100101
1000101011100
1000011010111
1000001010101
0111111011000
0111101011110
0111011101000
0111001110111
0111011111101
0111110000000
0111111111111
1000001111010
1000011110001
0001011001100
1000101001110
1000011001001
1000001001000
0111111001011
0111101010010
0111011011100
0111001101011
0111011110010
0111101110101
0111111110100
1000001101111
1000011100111
1000101011011
1000111001010
1000101000001
1000010111101
1000000111100
0111111000000
0111101000111
0000000111010
0111011010001
0111101010101
0111111010101
1000001010001
1000011001001
1000100111110
1000110101110
1000100100110
1000010100011
1000000100011
0111110100111
0111100101111
0111010111010
0111001001010
0111011010010
0111101010110
0111111010110
1000001010010
1000011001010
0001010100111
1000100101010
1000010100110
1000000100110
0111110101010
0111100110010
0111010111101
0111001001101
0111011010101
0111101011001
0111111011001
1000001010101
1000011001101
1000101000010
1000110110010
1000100101010
1000010100110
1000000100110
0111110101010
0111100110010
0000000100110
0111010111101
0111101000010
0111111000010
1000000111111
1000010111000
1000100101101
1000110011110
1000100010111
1000010010011
1000000010100
0111110011001
0111100100001
0111010101101
0111000111101
0111011000101
0111101001010
0111111001010
1000001000110
1000010111111
0001010011100
1000100011111
1000010011100
1000000011100
0111110100000
0111100101000
0111010110100
0111001000100
