0000001100110
0000000111010
0000001110110
0000011000100
0000100111100
0000100011000
0000111110000
0001000111110
0001001110110
0001010100010
0001011000110
0001011011110
0001011101110
0001011110100
0001011110000
0001011100010
0001011001010
0001010101010
0001010100110
0001011000100
0001011011100
0001011101000
0001011101110
0001011100110
0001011011000
0001011000000
0001010011110
0001001110010
0001000111110
0001000000100
0000111000010
0000110101010
0000111111100
0001001010100
0001010101010
0001011111100
0001101001010
0001110010000
0001111010000
0010000001010
0010000111100
0010001100100
0010010000100
0010010011100
0010010101010
0010010101110
0010010101010
0010010011100
0010010000100
0010001100100
0010001110000
0010010001110
0010010100010
0010010101110
0010010110010
0010010101010
0010010011100
0010010000010
0010001100000
0010000110100
0010000000000
0001111000100
0001110000010
0001100110110
0001011100110
0001010001110
0001000110100
0000111010100
0001000000110
0001001010110
0001010100110
0001011110000
0001100110000
0001101101010
0001110011100
0001111000110
0001111100110
0001111111100
0010000001000
0010000001100
0010000000110
0001111110110
0001111011110
0001110111010
0001111001100
0001111101000
0001111111100
0010000001000
0010000001010
0010000000010
0001111110010
0001111010110
0001110110010
0001110000110
0001101010000
0001100010100
0001011010000
0001010000100
0001000110100
0000111011110
0000111100110
0001000110110
0001010001100
0001011011010
0001100100100
0001101100110
0001110011110
0001111010000
0001111111010
0010000011100
0010000110100
0010001000010
0010001000110
0010001000010
0010000110100
0010000011100
0001111111010
0010000000110
0010000100010
0010000111000
0010001000100
0010001001000
0010001000000
0010000110010
0010000011000
0001111110110
0001111001010
0001110010110
0001101011010
0001100010110
0001011001100
0001001111100
0001000100110
0000111001010
0000111111110
0001001010010
0001010100100
0001011110000
0001100110100
0001101110010
0001110101000
0001111010110
0001111111010
0010000010110
0010000101000
0010000110000
0010000110000
0010000100100
0010000010000
0001111110100
0001111100010
0010000000000
0010000011010
0010000101010
0010000110000
0010000101110
0010000100010
0010000001100
0001111101110
0001111000110
0001110010110
0001101011100
0001100011100
0001011010100
0001010000110
0001000110010
0000111011010
0000111110000
0001001000000
0001010010100
0001011100010
0001100101000
0001101101000
0001110100000
0001111010000
0001111111000
0010000010110
0010000101100
0010000111000
0010000111010
0010000110010
0010000100000
0010000000110
0001111100010
0010000000000
0010000011100
0010000101110
0010000111000
0010000111000
0010000110000
0010000011100
0010000000000
0001111011100
0001110101110
0001101111000
0001100111010
0001011110100
0001010101000
0001001010100
0000111111110
0000111010100
0001000100000
0001001110100
0001011000100
0001100001110
0001101010000
0001110001010
0001110111110
0001111101000
0010000001010
0010000100010
0010000110010
0010000110110
0010000110010
0010000100100
0010000001100
0001111101100
0001111110100
0010000001110
0010000100110
0010000110010
0010000110110
0010000110000
0010000100000
0010000001000
0001111100110
0001110111010
0001110001000
0001101001100
0001100001010
0001010111110
0001001101110
0001000011000
0000110111110
0001000000110
0001001011010
0001010101100
0001011111000
0001100111100
0001101111010
0001110110000
0001111011110
0010000000010
0010000011100
0010000101110
0010000110110
0010000110110
0010000101100
0010000011000
0001111111010
0001111101010
0010000001000
0010000100000
0010000110010
0010000111000
0010000110100
0010000101000
0010000010010
0001111110100
0001111001100
0001110011010
0001101100010
0001100100010
0001011011010
0001010001100
0001000110110
0000111011110
0000111101110
0001000111110
0001010010000
0001011011110
0001100100110
0001101100110
0001110011110
0001111001110
0001111110110
0010000010100
0010000101000
0010000110100
0010000111000
0010000110000
0010000011110
0010000000100
0001111100000
0001111111100
0010000011000
0010000101100
0010000110110
0010000110110
0010000101100
0010000011010
0001111111110
0001111011000
0001110101100
0001101110100
0001100110110
0001011110000
0001010100100
0001001010100
0000111111100
0000111010110
0001000100010
0001001110110
0001011000110
0001100001110
0001101010000
0001110001100
0001111000000
0001111101010
0010000001010
0010000100100
0010000110010
0010000110110
0010000110010
0010000100100
0010000001110
0001111101110
0001111110100
0010000010000
0010000100110
0010000110100
0010000111000
0010000110010
0010000100010
0010000001010
0001111100110
0001110111100
0001110001000
0001101001110
0001100001010
0001011000000
0001001110000
0001000011010
0000111000000
0001000000100
0001001011010
0001010101010
0001011110110
0001100111100
0001101111010
0001110110000
0001111011100
0010000000010
0010000011100
0010000101110
0010000110110
0010000110110
0010000101100
0010000010110
0001111111010
0001111101010
0010000000110
0010000100000
0010000110000
0010000110110
0010000110100
0010000101000
0010000010010
0001111110010
0001111001010
0001110011010
0001101100000
0001100100000
0001011011000
0001010001010
0001000110110
0000111011110
0000111101110
0001000111110
0001010010010
0001011011110
0001100100110
0001101100110
0001110011110
0001111001110
0001111110110
0010000010100
0010000101000
0010000110100
0010000111000
0010000110000
0010000011110
0010000000100
0001111100000
0001111111100
0010000011000
0010000101100
0010000110110
0010000110110
0010000101110
0010000011010
0001111111110
0001111011010
0001110101100
0001101110110
0001100111000
0001011110010
0001010100110
0001001010100
0000111111100
0000111010100
0001000100010
0001001110110
0001011000100
0001100010000
0001101010010
0001110001100
0001111000000
0001111101010
0010000001010
0010000100010
0010000110010
0010000110110
0010000110010
0010000100100
0010000001110
0001111101110
0001111110100
0010000010000
0010000100110
0010000110010
0010000110110
0010000110000
0010000100010
0010000001000
0001111100110
0001110111100
0001110001000
0001101001100
0001100001010
0001011000000
0001001110000
0001000011010
0000110111110
0001000000110
0001001011010
0001010101100
0001011111000
0001100111100
0001101111010
0001110110000
0001111011100
0010000000010
0010000011100
0010000101110
0010000110110
0010000110110
0010000101100
0010000010110
0001111111010
0001111101010
0010000000110
0010000100000
0010000110000
0010000111000
0010000110100
0010000101000
0010000010010
0001111110010
0001111001100
0001110011010
0001101100010
0001100100000
0001011011000
0001010001100
0001000110110
0000111011110
0000111101110
0001000111110
0001010010010
0001011011110
0001100100110
0001101100110
0001110011110
0001111001110
0001101001110
0001101000010
0010000000010
0001101101010
0001011011100
0001011100100
0001001010100
0001000111100
0001000101110
0001000100100
0001000011000
0001000001010
0000111111010
0000111101010
0000111011000
0000111000110
0000110110010
0000110011110
0000110001010
0000101111000
0000101100110
0000101010110
0000101001010
0000101000000
0000100110110
0000100110000
0000100101100
0000100101000
0000100100110
0000100100110
0000100100010
0000100100000
0000100011100
0000100010110
0000100001110
0000100000110
0000011111100
0000011110000
0000011100010
0000011010100
0000011000110
0000010111000
0000010101110
0000010100100
0000010011100
0000010010110
0000010010010
0000010010000
0000010010000
0000010010010
0000010010100
0000010010110
0000010011000
0000010011010
0000010011010
0000010011010
0000010010110
0000010010000
0000010001010
0000010000010
0000001111000
0000001101110
0000001100010
0000001011010
0000001010000
0000001001000
0000001000100
0000001001000
0000001001100
0000001010000
0000001010010
0000001010100
0000001010010
0000001001110
0000001010010
0000001010110
0000001011000
0000001011000
0000001011000
0000001010100
0000001010000
0000001001010
0000001000010
0000000111010
0000000110010
0000000101000
0000000100000
0000000011010
0000000011110
0000000100100
0000000101010
0000000110000
0000000110010
0000000110100
0000000110110
0000000110100
0000000110000
0000000110000
0000000110100
0000000111000
0000000111000
0000000110110
0000000110100
0000000110000
0000000101000
0000000100000
0000000011000
0000000010000
0000000001010
0000000000110
0000000001100
0000000010010
0000000011000
0000000011110
0000000100010
0000000100110
0000000100110
0000000100110
0000000100010
0000000100000
0000000100100
0000000100110
0000000101000
0000000100110
0000000100100
0000000100000
0000000011010
0000000010100
0000000001110
0000000001010
0000000000110
0000000000100
0000000001000
0000000001010
0000000001110
0000000010100
0000000011010
0000000011110
0000000011110
0000000011110
0000000011100
0000000011000
0000000011010
0000000011100
0000000011110
0000000011110
0000000011110
0000000011010
0000000010100
0000000010010
0000000010010
0000000010000
0000000001110
0000000001010
0000000001110
0000000010010
0000000010010
0000000010000
0000000010100
0000000011000
0000000011010
0000000011010
0000000011000
0000000010110
0000000010100
0000000010110
0000000011100
0000000011100
0000000011010
0000000011000
0000000010010
0000000010100
0000000010100
0000000010010
0000000010000
0000000001100
0000000010000
0000000010010
0000000010100
0000000010100
0000000010010
0000000010110
0000000011000
0000000011010
0000000011000
0000000010110
0000000010010
0000000010100
0000000011000
0000000011010
0000000011000
0000000010110
0000000010100
0000000010100
0000000010110
0000000010110
0000000010010
0000000001110
0000000010010
0000000010100
0000000010110
0000000010110
0000000010100
0000000010100
0000000010110
0000000011000
0000000011000
0000000010100
0000000010000
0000000010010
0000000010110
0000000011000
0000000011000
0000000010110
0000000010100
0000000010110
0000000011000
0000000010110
0000000010100
0000000001110
0000000010010
0000000010110
0000000011000
0000000011000
0000000010110
0000000010100
0000000010110
0000000011000
0000000011000
0000000010110
0000000010010
0000000010010
0000000010100
0000000010110
0000000011000
0000000010110
0000000010010
0000000010110
0000000011000
0000000011000
0000000010110
0000000010010
0000000010010
0000000010100
0000000010110
0000000011000
0000000010110
0000000010100
0000000010100
0000000010110
0000000011000
0000000010110
0000000010010
0000000010000
0000000010100
0000000010110
0000000011000
0000000010110
0000000010100
0000000010100
0000000010110
0000000011000
0000000010110
0000000010010
0000000010000
0000000010010
0000000010110
0000000011000
0000000011000
0000000010100
0000000010100
0000000010110
0000000011000
0000000010110
0000000010100
0000000010000
0000000010010
0000000010110
0000000011000
0000000010110
0000000010100
0000000010100
0000000010110
0000000011000
0000000010110
0000000010100
0000000010000
0000000010100
0000000010110
0000000011000
0000000010110
0000000010100
0000000010100
0000000010110
0000000011000
0000000010110
0000000010100
0000000001110
0000000010010
0000000010110
0000000011000
0000000011000
0000000010100
0000000010010
0000000010110
0000000011000
0000000011000
0000000010100
0000000010000
0000000010010
0000000010110
0000000011000
0000000011000
0000000010110
0000000010100
0000000010110
0000000011000
0000000011000
0000000010100
0000000010000
0000000010000
0000000010100
0000000010110
0000000011000
0000000010100
0000000010010
0000000010110
0000000011000
0000000011000
0000000010100
0000000010000
0000000010010
0000000010100
0000000010110
0000000011000
0000000010110
0000000010100
0000000010110
0000000011000
0000000011000
0000000010110
0000000010010
0000000010000
0000000010100
0000000010110
0000000011000
0000000010110
0000000010010
0000000010110
0000000011000
0000000011000
0000000010110
0000000010100
0000000010000
0000000010100
0000000010110
0000000011000
0000000011000
0000000010100
0000000010100
0000000010110
0000000011000
0000000010110
0000000010010
0000000010000
0000000010010
0000000010110
0000000011000
0000000011000
0000000010100
0000000010100
0000000010110
0000000011000
0000000010110
0000000010100
0000000010000
0000000010100
0000000010110
0000000011000
0000000011000
0000000010100
0000000010100
0000000010110
0000000011000
0000000010110
0000000010100
0000000001110
0000000010010
0000000010110
0000000011000
0000000010110
0000000010100
0000000010100
0000000010110
0000000011000
0000000011000
0000000010100
0000000001110
0000000010100
0000000010110
0000000011000
0000000011000
0000000010110
0000000010100
0000000010110
0000000011000
0000000010110
0000000010100
0000000010000
0000000010010
0000000010100
0000000010110
0000000011000
0000000010100
0000000010010
0000000010110
0000000011000
0000000011000
0000000010100
0000000010000
0000000010010
0000000010110
0000000011000
0000000011000
0000000010110
0000000010100
0000000010110
0000000011000
0000000011000
0000000010100
0000000010000
0000000010000
0000000010100
0000000010110
0000000011000
0000000010110
0000000010100
0000000010110
0000000011000
0000000011000
0000000010110
0000000010010
0000000010010
0000000010100
0000000010110
0000000011000
0000000010110
0000000010100
0000000010100
0000000010110
0000000011000
0000000010110
0000000010010
0000000010000
0000000010100
0000000010110
0000000011000
0000000010110
0000000010010
0000000010100
0000000010110
0000000011000
0000000010110
0000000010100
0000000010000
0000000010100
0000000010110
0000000011000
0000000011000
0000000010100
0000000010100
0000000010110
0000000011000
0000000010110
0000000010100
0000001001000
0000001010000
0000010010000
0000011100010
0000010100010
0000010010110
0000001101110
0000001100110
0000001100100
0000001100000
0000001011110
0000001011010
0000001011000
0000001010100
0000001010010
0000001010000
0000001001100
0000001001010
0000001001000
0000001000110
0000001000100
0000001000010
0000001000000
0000000111110
0000000111100
0000000111010
0000000111000
0000000110110
0000000110110
0000000110100
0000000110010
0000000110000
0000000101110
0000000101110
0000000101100
0000000101100
0000000101010
0000000101000
0000000100110
0000000100110
0000000100100
0000000100100
0000000100010
0000000100010
0000000100000
0000000100000
0000000011110
0000000011100
0000000011100
0000000011100
0000000011010
0000000011010
0000000011000
0000000011000
0000000011000
0000000010110
0000000010110
0000000010110
0000000010100
0000000010100
0000000010100
0000000010010
0000000010010
0000000010000
0000000010000
0000000010000
0000000010000
0000000010000
0000000001110
0000000001110
0000000001110
0000000001110
0000000001100
0000000001100
0000000001100
0000000001100
0000000001100
0000000001100
0000000001010
0000000001010
0000000001010
0000000001000
0000000001000
0000000001000
0000000001000
0000000001000
0000000001000
0000000001000
0000000001000
0000000000110
0000000000110
0000000000110
0000000000110
0000000000110
0000000000110
0000000000110
0000000000110
0000000000100
0000000000110
0000000000100
0000000000100
0000000000100
0000000000100
0000000000100
0000000000100
0000000000100
0000000000100
0000000000100
0000000000100
0000000000100
0000000000100
0000000000100
0000000000100
0000000000100
0000000000010
0000000000010
0000000000010
0000000000010
0000000000010
0000000000010
0000000000010
0000000000010
0000000000010
0000000000010
0000000000010
0000000000010
0000000000010
0000000000010
0000000000010
0000000000010
0000000000010
0000000000010
0000000000010
0000000000000
0000000000000
0000000000000
0000000000000
0000000000000
0000000000000
0000000000000
0000000000000
0000000000010
0000000000000
0000000000000
0000000000000
0000000000000
0000000000000
0000000000000
0000000000000
0000000000000
0000000000000
0000000000000
0000000000000
0000000000000
0000000000000
0000000000000
0000000000000
0000000000000
0000000000000
0000000000000
0000000000000
0000000000000
0000000000000
0000000000000
0000000000000
0000000000000
0000000000000
0000000000000
0000000000000
0000000000000
0000000000000
0000000000000
0000000000000
0000000000000
0000000000000
0000000000000
0000000000000
0000000000000
0000000000000
0000000000000
0000000000000
0000000000000
0000000000000
0000000000000
0000000000000
0000000000000
0000000000000
0000000000000
0000000000000
0000000000000
0000000000000
0000000000000
0000000000000
0000000000000
0000000000000
0000000000000
0000000000000
0000000000000
0000000000000
0000000000000
0000000000000
0000000000000
0000000000000
0000000000000
0000000000000
0000000000000
0000000000000
0000000000000
0000000000000
0000000000000
0000000000000
0000000000000
0000000000000
0000000000000
0000000000000
0000000000000
0000000000000
0000000000000
0000000000000
0000000000000
0000000000000
0000000000000
0000000000000
0000000000000
0000000000000
0000000000000
0000000000000
0000000000000
0000000000000
0000000000000
0000000000000
0000000000000
0000000000000
0000000000000
0000000000000
0000000000000
0000000000000
0000000000000
0000000000000
0000000000000
0000000000000
0000000000000
0000000000000
0000000000000
0000000000000
0000000000000
0000000000000
0000000000000
0000000000000
0000000000000
0000000000000
0000000000000
0000000000000
0000000000000
0000000000000
0000000000000
0000000000000
0000000000000
0000000000000
0000000000000
0000000000000
0000000000000
0000000000000
0000000000000
0000000000000
0000000000000
0000000000000
0000000000000
0000000000000
0000000000000
0000000000000
0000000000000
0000000000000
0000000000000
0000000000000
0000000000000
0000000000000
0000000000000
0000000000000
0000000000000
0000000000000
0000000000000
0000000000000
0000000000000
0000000000000
0000000000000
0000000000000
0000000000000
0000000000000
0000000000000
0000000000000
0000000000000
0000000000000
0000000000000
0000000000000
0000000000000
0000000000000
0000000000000
0000000000000
0000000000000
0000000000000
0000000000000
0000000000000
0000000000000
0000000000000
0000000000000
0000000000000
0000000000000
0000000000000
0000000000000
0000000000000
0000000000000
0000000000000
0000000000000
0000000000000
0000000000000
0000000000000
0000000000000
0000000000000
0000000000000
0000000000000
0000000000000
0000000000000
0000000000000
0000000000000
0000000000000
0000000000000
0000000000000
0000000000000
0000000000000
0000000000000
0000000000000
0000000000000
0000000000000
0000000000000
0000000000000
0000000000000
0000000000000
0000000000000
0000000000000
0000000000000
0000000000000
0000000000000
0000000000000
0000000000000
0000000000000
0000000000000
0000000000000
0000000000000
0000000000000
0000000000000
0000000000000
0000000000000
0000000000000
0000000000000
0000000000000
0000000000000
0000000000000
0000000000000
0000000000000
0000000000000
0000000000000
0000000000000
0000000000000
0000000000000
0000000000000
0000000000000
0000000000000
0000000000000
0000000000000
0000000000000
0000000000000
0000000000000
0000000000000
0000000000000
0000000000000
0000000000000
0000000000000
0000000000000
0000000000000
0000000000000
0000000000000
0000000000000
0000000000000
0000000000000
0000000000000
0000000000000
0000000000000
0000000000000
0000000000000
0000000000000
0000000000000
0000000000000
0000000000000
0000000000000
0000000000000
0000000000000
0000000000000
0000000000000
0000000000000
0000000000000
0000000000000
0000000000000
0000000000000
0000000000000
0000000000000
0000000000000
0000000000000
0000000000000
0000000000000
0000000000000
0000000000000
0000000000000
0000000000000
0000000000000
0000000000000
0000000000000
0000000000000
0000000000000
0000000000000
0000000000000
0000000000000
0000000000000
0000000000000
0000000000000
0000000000000
0000000000000
0000000000000
0000000000000
0000000000000
0000000000000
0000000000000
0000000000000
0000000000000
0000000000000
0000000000000
0000000000000
0000000000000
0000000000000
0000000000000
0000000000000
0000000000000
0000000000000
0000000000000
0000000000000
0000000000000
0000000000000
0000000000000
0000000000000
0000000000000
0000000000000
0000000000000
0000000000000
0000000000000
0000000000000
0000000000000
0000000000000
0000000000000
0000000000000
0000000000000
0000000000000
0000000000000
0000000000000
0000000000000
0000000000000
0000000000000
0000000000000
0000000000000
0000000000000
0000000000000
0000000000000
0000000000000
0000000000000
0000000000000
0000000000000
0000000110010
0000000110100
0000001101110
0000011001000
0000010010000
0000010001000
0000001101010
0000001100010
0000001011110
0000001011100
0000001011010
0000001010110
0000001010100
0000001010010
0000001010000
0000001001110
0000001001100
0000001001010
0000001001000
0000001000110
0000001000100
0000001000000
0000000111110
0000000111100
0000000111010
0000000110110
0000000110110
0000000110100
0000000110010
0000000110000
0000000110000
0000000101110
0000000101110
0000000101110
0000000101100
0000000101100
0000000101010
0000000101000
0000000100110
0000000100100
0000000100010
0000000100010
0000000100000
0000000011110
0000000011100
0000000011100
0000000011100
0000000011100
0000000011100
0000000011100
0000000011100
0000000011010
0000000011010
0000000011010
0000000011000
0000000010110
0000000010110
0000000010100
0000000010010
0000000010010
0000000010000
0000000010000
0000000010000
0000000010000
0000000010000
0000000010000
0000000010000
0000000010000
0000000010000
0000000010000
0000000001110
0000000001110
0000000001100
0000000001100
0000000001010
0000000001000
0000000001000
0000000001000
0000000001000
0000000001000
0000000001000
0000000001010
0000000001000
0000000001010
0000000001010
0000000001010
0000000001000
0000000001000
0000000001000
0000000000110
0000000000110
0000000000100
0000000000100
0000000000100
0000000000110
0000000000100
0000000000100
0000000000110
0000000000110
0000000000110
0000000000110
0000000000110
0000000000110
0000000000110
0000000000100
0000000000100
0000000000100
0000000000010
0000000000010
0000000000010
0000000000100
0000000000100
0000000000100
0000000000100
0000000000100
0000000000100
0000000000100
0000000000100
0000000000100
0000000000100
0000000000100
0000000000100
0000000000010
0000000000010
0000000000000
0000000000000
0000000000010
0000000000010
0000000000010
0000000000010
0000000000010
0000000000010
0000000000010
0000000000010
0000000000010
0000000000010
0000000000010
0000000000010
0000000000010
0000000000000
0000000000000
0000000000000
0000000000000
0000000000000
0000000000010
0000000000010
0000000000010
0000000000010
0000000000010
0000000000010
0000000000010
0000000000010
0000000000010
0000000000010
0000000000000
0000000000000
0000000000000
0000000000000
0000000000000
0000000000000
0000000000000
0000000000000
0000000000000
0000000000010
0000000000010
0000000000000
0000000000000
0000000000010
0000000000010
0000000000010
0000000000010
0000000000000
0000000000000
0000000000000
0000000000000
0000000000000
0000000000000
0000000000000
0000000000010
0000000000000
0000000000000
0000000000000
0000000000000
0000000000000
0000000000010
0000000000010
0000000000000
0000000000000
0000000000000
0000000000000
0000000000000
0000000000000
0000000000000
0000000000000
0000000000000
0000000000000
0000000000000
0000000000000
0000000000000
0000000000000
0000000000010
0000000000000
0000000000000
0000000000000
0000000000000
0000000000000
0000000000000
0000000000000
0000000000000
0000000000000
0000000000000
0000000000000
0000000000000
0000000000000
0000000000000
0000000000000
0000000000000
0000000000010
0000000000010
0000000000000
0000000000000
0000000000000
0000000000000
0000000000000
0000000000000
0000000000000
0000000000000
0000000000000
0000000000000
0000000000000
0000000000000
0000000000000
0000000000000
0000000000000
0000000000010
0000000000010
0000000000000
0000000000000
0000000000000
0000000000000
0000000000000
0000000000000
0000000000000
0000000000000
0000000000000
0000000000000
0000000000000
0000000000000
0000000000000
0000000000000
0000000000010
0000000000000
0000000000000
0000000000000
0000000000000
0000000000000
0000000000000
0000000000000
0000000000000
0000000000000
0000000000000
0000000000000
0000000000000
0000000000000
0000000000000
0000000000000
0000000000000
0000000000010
0000000000010
0000000000000
0000000000000
0000000000000
0000000000000
0000000000000
0000000000000
0000000000000
0000000000000
0000000000000
0000000000000
0000000000000
0000000000000
0000000000000
0000000000000
0000000000010
0000000000010
0000000000000
0000000000000
0000000000000
0000000000000
0000000000000
0000000000000
0000000000000
0000000000000
0000000000000
0000000000000
0000000000000
0000000000000
0000000000000
0000000000000
0000000000000
0000000000000
0000000000000
0000000000000
0000000000000
0000000000000
0000000000000
0000000000000
0000000000000
0000000000000
0000000000000
0000000000000
0000000000000
0000000000000
0000000000000
0000000000000
0000000000000
0000000000000
0000000000000
0000000000000
0000000000000
0000000000000
0000000000000
0000000000000
0000000000000
0000000000000
0000000000000
0000000000000
0000000000000
0000000000000
0000000000000
0000000000000
0000000000000
0000000000000
0000000000010
0000000000010
0000000000000
0000000000000
0000000000000
0000000000000
0000000000000
0000000000000
0000000000000
0000000000000
0000000000000
0000000000000
0000000000000
0000000000000
0000000000000
0000000000000
0000000000000
0000000000000
0000000000000
0000000000000
0000000000000
0000000000000
0000000000000
0000000000000
0000000000000
0000000000000
0000000000000
0000000000000
0000000000000
0000000000000
0000000000000
0000000000000
0000000000000
0000000000000
0000000000000
0000000000000
0000000000000
0000000000000
0000000000000
0000000000000
0000000000000
0000000000000
0000000000000
0000000000000
0000000000000
0000000000000
0000000000000
0000000000000
0000000000000
0000000000000
0000000000010
0000000000010
0000000000000
0000000000000
0000000000000
0000000000000
0000000000000
0000000000000
0000000000000
0000000000000
0000000000000
0000000000000
0000000000000
0000000000000
0000000000000
0000000000000
0000000000000
0000000000000
0000000000000
0000000000000
0000000000000
0000000000000
0000000000000
0000000000000
0000000000000
0000000000000
0000000000000
0000000000000
0000000000000
0000000000000
0000000000000
0000000000000
0000000000000
0000000000000
0000000000000
0000000000000
0000000000000
0000000000000
0000000000000
0000000000000
0000000000000
0000000000000
0000000000000
0000000000000
0000000000000
0000000000000
0000000000000
0000000000000
0000000000000
0000000000000
0000000000010
0000000000010
0000000000000
0000000000000
0000000000000
0000000000000
0000000000000
0000000000000
0000000000000
0000000000000
0000000000000
0000000000000
0000000000000
0000000000000
0000000000000
0000000000000
0000000000000
0000000000000
0000000000000
0000000000000
0000000000000
0000000000000
0000000000000
0000000000000
0000000000000
0000000000000
0000000000000
0000000000000
0000000000000
0000000000000
0000000000000
0000000000000
0000000000000
0000000000000
0000000000000
0000000000000
0000000000000
0000000000000
0000000000000
0000000000000
0000000000000
0000000000000
0000001011010
0010000100110
0010000000110
0000111000010
1001101000010
1010110100010
0100101101010
0111011011000
0100010001100
0011101110100
0011011100100
0011110011100
0111010101000
0111101100000
1100000000000
1010110011100
0011001110110
0011101110000
1011010110110
1010101110100
0100010101100
0111100001010
0110110101100
0001011111100
0110000100100
0111101011110
0101100110010
1011110110000
1010101110010
1000011000110
0010100110000
1001001001110
1010011111000
1010101100110
0110100010010
0111110000000
0100001101100
0011100110000
0011111010100
0111011101100
0101111100000
1011110110110
1011000001010
1111101111010
0101101000000
1011100111000
1011001100100
0110101000010
0111110011010
0100010001100
0011101001000
0111011111000
0111110111100
1100000011010
1010111001010
1000010011010
1000000100110
0010011111110
1001000011100
1000000111010
1010011011010
1010100101010
0100001001110
0101000101100
0101001111010
0111101110010
1011111101110
1010111000000
1000010010100
1000000100000
0010011111000
1001000010110
1000000110100
1010100010010
1010101011000
0110101000100
0111110111000
0100000001010
0111100011000
0111111001110
1100010011100
1010110101110
0100100111100
0100100001100
0101101001100
1001011001100
1010111100100
1010101111100
0110101010100
1001011110100
0010100110110
0111011011110
0111111010110
1100000101110
1010110110010
0110101010110
1001011110010
0010100110100
0111011011010
0111111010010
1011111101010
1010110001100
0100001100110
0101000011010
0101010001010
1001010110100
1010100100010
1010101100110
0110101010000
1001011110010
0010100110110
0111011011100
0111111010010
1100000101110
1010110110100
0110101011000
1001011110100
0010100110110
0111011011100
0111111010100
1100010100110
1010110100100
0100100110100
0100100000100
0101101000000
1001011000000
1010111011010
1010110000110
0110101011010
1001011111100
0010100111110
0111011101000
0111111011110
1100000110100
1010110101100
0110101010000
1001011101100
0010100101110
0111011010100
0111111001010
1011111100100
1010110010100
0100001101100
0101000010110
0101010010000
1001010111010
1010100101010
1010101100010
