1111001110010
1111100110011
1111111110010
0000010101101
0000101100100
0001000010100
0001010111011
0001101011001
0001111101100
0010001110010
0010011101011
0010101010101
0010110101111
0010111111001
0011000110010
0011001011001
0011001101110
0011001110001
0011001100010
0011001000001
0011000001110
0010111001010
0010101110101
0010100010000
0010010011100
0010000011010
0001110001011
0001011110001
0001001001101
0000110011111
0000011101011
0000000110001
1111101110011
1111010110010
1110111110001
1110100110010
1110001110101
1101110111100
1101100001010
1101001011111
1100110111110
1100100101000
1100010011101
1100000100000
1011110110001
1011101010001
1011100000010
1011011000011
1011010010110
1011001111011
1011001110010
1011001111011
1011010010110
1011011000011
1011100000010
1011101010001
1011110110001
1100000100000
1100010011101
1100100101000
1100110111110
1101001011111
1101100001010
1101110111100
1110001110101
1110100110010
1110111110001
1111010110010
1111101110011
0000000110001
0000011101011
0000110011111
0001001001101
0001011110001
0001110001011
0010000011010
0010010011100
0010100010000
0010101110101
0010111001010
0011000001110
0011001000001
0011001100010
0011001110001
0011001101110
0011001011001
0011000110010
0010111111001
0010110101111
0010101010101
0010011101011
0010001110010
0001111101100
0001101011001
0001010111011
0001000010100
0000101100100
0000010101101
1111111110010
1111100110011
1111001110010
1110110110001
1110011110010
1110000110111
1101110000000
1101011010000
1101000101001
1100110001011
1100011111000
1100001110010
1011111111001
1011110001111
1011100110101
1011011101011
1011010110010
1011010001011
1011001110110
1011001110011
1011010000010
1011010100011
1011011010110
1011100011010
1011101101111
1011111010100
1100001001000
1100011001010
1100101011001
1100111110011
1101010010111
1101101000101
1101111111001
1110010110011
1110101110001
1111000110010
1111011110011
1111110110010
0000001101111
0000100101000
0000111011010
0001010000101
0001100100110
0001110111100
0010001000111
0010011000100
0010100110011
0010110010011
0010111100010
0011000100001
0011001001110
0011001101001
0011001110010
0011001101001
0011001001110
0011000100001
0010111100010
0010110010011
0010100110011
0010011000100
0010001000111
0001110111100
0001100100110
0001010000101
0000111011010
0000100101000
0000001101111
1111110110010
1111011110011
1111000110010
1110101110001
1110010110011
1101111111001
1101101000101
1101010010111
1100111110011
1100101011001
1100011001010
1100001001000
1011111010100
1011101101111
1011100011010
1011011010110
1011010100011
1011010000010
1011001110011
1011001110110
1011010001011
1011010110010
1011011101011
1011100110101
1011110001111
1011111111001
1100001110010
1100011111000
1100110001011
1101000101001
1101011010000
1101110000000
1110000110111
1110011110010
1110110110001
1111001110010
1111100110011
1111111110010
0000010101101
0000101100100
0001000010100
0001010111011
0001101011001
0001111101100
0010001110010
0010011101011
0010101010101
0010110101111
0010111111001
0011000110010
0011001011001
0011001101110
0011001110001
0011001100010
0011001000001
0011000001110
0010111001010
0010101110101
0010100010000
0010010011100
0010000011010
0001110001011
0001011110001
0001001001101
0000110011111
0000011101011
0000000110001
1111101110011
1111010110010
1110111110001
1110100110010
1110001110101
1101110111100
1101100001010
1101001011111
1100110111110
1100100101000
1100010011101
1100000100000
1011110110001
1011101010001
1011100000010
1011011000011
1011010010110
1011001111011
1011001110010
1011001111011
1011010010110
1011011000011
1011100000010
1011101010001
1011110110001
1100000100000
1100010011101
1100100101000
1100110111110
1101001011111
1101100001010
1101110111100
1110001110101
1110100110010
1110111110001
1111010110010
1111101110011
0000000110001
0000011101011
0000110011111
0001001001101
0001011110001
0001110001011
0010000011010
0010010011100
0010100010000
0010101110101
0010111001010
0011000001110
0011001000001
0011001100010
0011001110001
0011001101110
0011001011001
0011000110010
0010111111001
0010110101111
0010101010101
0010011101011
0010001110010
0001111101100
0001101011001
0001010111011
0001000010100
0000101100100
0000010101101
1111111110010
1111100110011
1111001110010
1110110110001
1110011110010
1110000110111
1101110000000
1101011010000
1101000101001
1100110001011
1100011111000
1100001110010
1011111111001
1011110001111
1011100110101
1011011101011
1011010110010
1011010001011
1011001110110
1011001110011
1011010000010
1011010100011
1011011010110
1011100011010
1011101101111
1011111010100
1100001001000
1100011001010
1100101011001
1100111110011
1101010010111
1101101000101
1101111111001
1110010110011
1110101110001
1111000110010
1111011110011
1111110110010
0000001101111
0000100101000
0000111011010
0001010000101
0001100100110
0001110111100
0010001000111
0010011000100
0010100110011
0010110010011
0010111100010
0011000100001
0011001001110
0011001101001
0011001110010
0011001101001
0011001001110
0011000100001
0010111100010
0010110010011
0010100110011
0010011000100
0010001000111
0001110111100
0001100100110
0001010000101
0000111011010
0000100101000
0000001101111
1111110110010
1111011110011
1111000110010
1110101110001
1110010110011
1101111111001
1101101000101
1101010010111
1100111110011
1100101011001
1100011001010
1100001001000
1011111010100
1011101101111
1011100011010
1011011010110
1011010100011
1011010000010
1011001110011
1011001110110
1011010001011
1011010110010
1011011101011
1011100110101
1011110001111
1011111111001
1100001110010
1100011111000
1100110001011
1101000101001
1101011010000
1101110000000
1110000110111
1110011110010
1110110110001
1111001110010
1111100110011
1111111110010
0000010101101
0000101100100
0001000010100
0001010111011
0001101011001
0001111101100
0010001110010
0010011101011
0010101010101
0010110101111
0010111111001
0011000110010
0011001011001
0011001101110
0011001110001
0011001100010
0011001000001
0011000001110
0010111001010
0010101110101
0010100010000
0010010011100
0010000011010
0001110001011
0001011110001
0001001001101
0000110011111
0000011101011
0000000110001
1111101110011
1111010110010
1110111110001
1110100110010
1110001110101
1101110111100
1101100001010
1101001011111
1100110111110
1100100101000
1100010011101
1100000100000
1011110110001
1011101010001
1011100000010
1011011000011
1011010010110
1011001111011
1011001110010
1011001111011
1011010010110
1011011000011
1011100000010
1011101010001
1011110110001
1100000100000
1100010011101
1100100101000
1100110111110
1101001011111
1101100001010
1101110111100
1110001110101
1110100110010
1110111110001
1111010110010
1111101110011
0000000110001
0000011101011
0000110011111
0001001001101
0001011110001
0001110001011
0000110010010
0000110011011
0000110100011
0000110101010
0000110101111
0000110110010
0000110110010
0000110101111
0000110101011
0000110100100
0000110011100
0000110010011
0000110001010
0000110000010
0000101111011
0000101110101
0000101110011
0000101110010
0000101110100
0000101111001
0000101111111
0000110000111
0000110010000
0000110011001
0000110100001
0000110101001
0000110101110
0000110110001
0000110110010
0000110110000
0000110101100
0000110100110
0000110011110
0000110010101
0000110001100
0000110000011
0000101111100
0000101110110
0000101110011
0000101110010
0000101110100
0000101111000
0000101111110
0000110000101
0000110001110
0000110010111
0000110100000
0000110100111
0000110101101
0000110110001
0000110110010
0000110110001
0000110101101
0000110100111
0000110100000
0000110010111
0000110001110
0000110000101
0000101111110
0000101111000
0000101110100
0000101110010
0000101110011
0000101110110
0000101111100
0000110000011
0000110001100
0000110010101
0000110011110
0000110100110
0000110101100
0000110110000
0000110110010
0000110110001
0000110101110
0000110101001
0000110100001
0000110011001
0000110010000
0000110000111
0000101111111
0000101111001
0000101110100
0000101110010
0000101110011
0000101110101
0000101111011
0000110000010
0000110001010
0000110010011
0000110011100
0000110100100
0000110101011
0000110101111
0000110110010
0000110110010
0000110101111
0000110101010
0000110100011
0000110011011
0000110010010
0000110001001
0000110000001
0000101111010
0000101110101
0000101110010
0000101110010
0000101110101
0000101111001
0000110000000
0000110001000
0000110010001
0000110011010
0000110100010
0000110101001
0000110101111
0000110110001
0000110110010
0000110110000
0000110101011
0000110100101
0000110011101
0000110010100
0000110001011
0000110000011
0000101111011
0000101110110
0000101110011
0000101110010
0000101110100
0000101111000
0000101111110
0000110000110
0000110001111
0000110011000
0000110100001
0000110101000
0000110101110
0000110110001
0000110110010
0000110110000
0000110101100
0000110100110
0000110011111
0000110010110
0000110001101
0000110000100
0000101111101
0000101110111
0000101110011
0000101110010
0000101110011
0000101110111
0000101111101
0000110000100
0000110001101
0000110010110
0000110011111
0000110100110
0000110101100
0000110110000
0000110110010
0000110110001
0000110101110
0000110101000
0000110100001
0000110011000
0000110001111
0000110000110
0000101111110
0000101111000
0000101110100
0000101110010
0000101110011
0000101110110
0000101111011
0000110000011
0000110001011
0000110010100
0000110011101
0000110100101
0000110101011
0000110110000
0000110110010
0000110110001
0000110101111
0000110101001
0000110100010
0000110011010
0000110010001
0000110001000
0000110000000
0000101111001
0000101110101
0000101110010
0000101110010
0000101110101
0000101111010
0000110000001
0000110001001
0000110010010
0000110011011
0000110100011
0000110101010
0000110101111
0000110110010
0000110110010
0000110101111
0000110101011
0000110100100
0000110011100
0000110010011
0000110001010
0000110000010
0000101111011
0000101110101
0000101110011
0000101110010
0000101110100
0000101111001
0000101111111
0000110000111
0000110010000
0000110011001
0000110100001
0000110101001
0000110101110
0000110110001
0000110110010
0000110110000
0000110101100
0000110100110
0000110011110
0000110010101
0000110001100
0000110000011
0000101111100
0000101110110
0000101110011
0000101110010
0000101110100
0000101111000
0000101111110
0000110000101
0000110001110
0000110010111
0000110100000
0000110100111
0000110101101
0000110110001
0000110110010
0000110110001
0000110101101
0000110100111
0000110100000
0000110010111
0000110001110
0000110000101
0000101111110
0000101111000
0000101110100
0000101110010
0000101110011
0000101110110
0000101111100
0000110000011
0000110001100
0000110010101
0000110011110
0000110100110
0000110101100
0000110110000
0000110110010
0000110110001
0000110101110
0000110101001
0000110100001
0000110011001
0000110010000
0000110000111
0000101111111
0000101111001
0000101110100
0000101110010
0000101110011
0000101110101
0000101111011
0000110000010
0000110001010
0000110010011
0000110011100
0000110100100
0000110101011
0000110101111
0000110110010
0000110110010
0000110101111
0000110101010
0000110100011
0000110011011
0000110010010
0000110001001
0000110000001
0000101111010
0000101110101
0000101110010
0000101110010
0000101110101
0000101111001
0000110000000
0000110001000
0000110010001
0000110011010
0000110100010
0000110101001
0000110101111
0000110110001
0000110110010
0000110110000
0000110101011
0000110100101
0000110011101
0000110010100
0000110001011
0000110000011
0000101111011
0000101110110
0000101110011
0000101110010
0000101110100
0000101111000
0000101111110
0000110000110
0000110001111
0000110011000
0000110100001
0000110101000
0000110101110
0000110110001
0000110110010
0000110110000
0000110101100
0000110100110
0000110011111
0000110010110
0000110001101
0000110000100
0000101111101
0000101110111
0000101110011
0000101110010
0000101110011
0000101110111
0000101111101
0000110000100
0000110001101
0000110010110
0000110011111
0000110100110
0000110101100
0000110110000
0000110110010
0000110110001
0000110101110
0000110101000
0000110100001
0000110011000
0000110001111
0000110000110
0000101111110
0000101111000
0000101110100
0000101110010
0000101110011
0000101110110
0000101111011
0000110000011
0000110001011
0000110010100
0000110011101
0000110100101
0000110101011
0000110110000
0000110110010
0000110110001
0000110101111
0000110101001
0000110100010
0000110011010
0000110010001
0000110001000
0000110000000
0000101111001
0000101110101
0000101110010
0000101110010
0000101110101
0000101111010
0000110000001
0000110001001
0000110010010
0000110011011
0000110100011
0000110101010
0000110101111
0000110110010
0000110110010
0000110101111
0000110101011
0000110100100
0000110011100
0000110010011
0000110001010
0000110000010
0000101111011
0000101110101
0000101110011
0000101110010
0000101110100
0000101111001
0000101111111
0000110000111
0000110010000
0000110011001
0000110100001
0000110101001
0000110101110
0000110110001
0000110110010
0000110110000
0000110101100
0000110100110
0000110011110
0000110010101
0000110001100
0000110000011
0000101111100
0000101110110
0000101110011
0000101110010
0000101110100
0000101111000
0000101111110
0000110000101
0000110001110
0000110010111
0000110100000
0000110100111
0000110101101
0000110110001
0000110110010
0000110110001
0000110101101
0000110100111
0000110100000
0000110010111
0000110001110
0000110000101
0000101111110
0000101111000
0000101110100
0000101110010
0000101110011
0000101110110
0000101111100
0000110000011
0000110001100
0000110010101
0000110011110
0000110100110
0000110101100
0000110110000
0000110110010
0000110110001
0000110101110
0000011001000
0000011001000
0000011001000
0000011001000
0000011001000
0000011001000
0000011001000
0000011001000
0000011001000
0000011001000
0000011001000
0000011001000
0000011001000
0000011001000
0000011001000
0000011001000
0000011001000
0000011001000
0000011001000
0000011001000
0000011001000
0000011001000
0000011001000
0000011001000
0000011001000
0000011001000
0000011001000
0000011001000
0000011001000
0000011001000
0000011001000
0000011001000
0000011001000
0000011001000
0000011001000
0000011001000
0000011001000
0000011001000
0000011001000
0000011001000
0000011001000
0000011001000
0000011001000
0000011001000
0000011001000
0000011001000
0000011001000
0000011001000
0000011001000
0000011001000
0000011001000
0000011001000
0000011001000
0000011001000
0000011001000
0000011001000
0000011001000
0000011001000
0000011001000
0000011001000
0000011001000
0000011001000
0000011001000
0000011001000
0000011001000
0000011001000
0000011001000
0000011001000
0000011001000
0000011001000
0000011001000
0000011001000
0000011001000
0000011001000
0000011001000
0000011001000
0000011001000
0000011001000
0000011001000
0000011001000
0000011001000
0000011001000
0000011001000
0000011001000
0000011001000
0000011001000
0000011001000
0000011001000
0000011001000
0000011001000
0000011001000
0000011001000
0000011001000
0000011001000
0000011001000
0000011001000
0000011001000
0000011001000
0000011001000
0000011001000
0000011001000
0000011001000
0000011001000
0000011001000
0000011001000
0000011001000
0000011001000
0000011001000
0000011001000
0000011001000
0000011001000
0000011001000
0000011001000
0000011001000
0000011001000
0000011001000
0000011001000
0000011001000
0000011001000
0000011001000
0000011001000
0000011001000
0000011001000
0000011001000
0000011001000
0000011001000
0000011001000
0000011001000
0000011001000
0000011001000
0000011001000
0000011001000
0000011001000
0000011001000
0000011001000
0000011001000
0000011001000
0000011001000
0000011001000
0000011001000
0000011001000
0000011001000
0000011001000
0000011001000
0000011001000
0000011001000
0000011001000
0000011001000
0000011001000
0000011001000
0000011001000
0000011001000
0000011001000
0000011001000
0000011001000
0000011001000
0000011001000
0000011001000
0000011001000
0000011001000
0000011001000
0000011001000
0000011001000
0000011001000
0000011001000
0000011001000
0000011001000
0000011001000
0000011001000
0000011001000
0000011001000
0000011001000
0000011001000
0000011001000
0000011001000
0000011001000
0000011001000
0000011001000
0000011001000
0000011001000
0000011001000
0000011001000
0000011001000
0000011001000
0000011001000
0000011001000
0000011001000
0000011001000
0000011001000
0000011001000
0000011001000
0000011001000
0000011001000
0000011001000
0000011001000
0000011001000
0000011001000
0000011001000
0000011001000
0000011001000
0000011001000
0000011001000
0000011001000
0000011001000
0000011001000
0000011001000
0000011001000
0000011001000
0000011001000
0000011001000
0000011001000
0000011001000
0000011001000
0000011001000
0000011001000
0000011001000
0000011001000
0000011001000
0000011001000
0000011001000
0000011001000
0000011001000
0000011001000
0000011001000
0000011001000
0000011001000
0000011001000
0000011001000
0000011001000
0000011001000
0000011001000
0000011001000
0000011001000
0000011001000
0000011001000
0000011001000
0000011001000
0000011001000
0000011001000
0000011001000
0000011001000
0000011001000
0000011001000
0000011001000
0000011001000
0000011001000
0000011001000
0000011001000
0000011001000
0000011001000
0000011001000
0000011001000
0000011001000
0000011001000
0000011001000
0000011001000
0000011001000
0000011001000
0000011001000
0000011001000
0000011001000
0000011001000
0000011001000
0000011001000
0000011001000
0000011001000
0000011001000
0000011001000
0000011001000
0000011001000
0000011001000
0000011001000
0000011001000
0000011001000
0000011001000
0000011001000
0000011001000
0000011001000
0000011001000
0000011001000
0000011001000
0000011001000
0000011001000
0000011001000
0000011001000
0000011001000
0000011001000
0000011001000
0000011001000
0000011001000
0000011001000
0000011001000
0000011001000
0000011001000
0000011001000
0000011001000
0000011001000
0000011001000
0000011001000
0000011001000
0000011001000
0000011001000
0000011001000
0000011001000
0000011001000
0000011001000
0000011001000
0000011001000
0000011001000
0000011001000
0000011001000
0000011001000
0000011001000
0000011001000
0000011001000
0000011001000
0000011001000
0000011001000
0000011001000
0000011001000
0000011001000
0000011001000
0000011001000
0000011001000
0000011001000
0000011001000
0000011001000
0000011001000
0000011001000
0000011001000
0000011001000
0000011001000
0000011001000
0000011001000
0000011001000
0000011001000
0000011001000
0000011001000
0000011001000
0000011001000
0000011001000
0000011001000
0000011001000
0000011001000
0000011001000
0000011001000
0000011001000
0000011001000
0000011001000
0000011001000
0000011001000
0000011001000
0000011001000
0000011001000
0000011001000
0000011001000
0000011001000
0000011001000
0000011001000
0000011001000
0000011001000
0000011001000
0000011001000
0000011001000
0000011001000
0000011001000
0000011001000
0000011001000
0000011001000
0000011001000
0000011001000
0000011001000
0000011001000
0000011001000
0000011001000
0000011001000
0000011001000
0000011001000
0000011001000
0000011001000
0000011001000
0000011001000
0000011001000
0000011001000
0000011001000
0000011001000
0000011001000
0000011001000
0000011001000
0000011001000
0000011001000
0000011001000
0000011001000
0000011001000
0000011001000
0000011001000
0000011001000
0000011001000
0000011001000
0000011001000
0000011001000
0000011001000
0000011001000
0000011001000
0000011001000
0000011001000
0000011001000
0000011001000
0000011001000
0000011001000
0000011001000
0000011001000
0000011001000
0000011001000
0000011001000
0000011001000
0000011001000
0000011001000
0000011001000
0000011001000
0000011001000
0000011001000
0000011001000
0000011001000
0000011001000
0000011001000
0000011001000
0000011001000
0000011001000
0000011001000
0000011001000
0000011001000
0000011001000
0000011001000
0000011001000
0000011001000
0000011001000
0000011001000
0000011001000
0000011001000
0000011001000
0000011001000
0000011001000
0000011001000
0000011001000
0000011001000
0000011001000
0000011001000
0000011001000
0000011001000
0000011001000
0000011001000
0000011001000
0000011001000
0000011001000
0000011001000
0000011001000
0000011001000
0000011001000
0000011001000
0000011001000
0000011001000
0000011001000
0000011001000
0000011001000
0000011001000
0000011001000
0000011001000
0000011001000
0000011001000
0000011001000
0000011001000
0000011001000
0000011001000
0000011001000
0000000000010
0000000000011
0000000000011
0000000000100
0000000000100
0000000000100
0000000000100
0000000000011
0000000000010
0000000000010
0000000000001
0000000000000
0000000000000
0000000000000
0000000000000
0000000000001
0000000000010
0000000000010
0000000000011
0000000000100
0000000000100
0000000000100
0000000000100
0000000000011
0000000000011
0000000000010
0000000000001
0000000000001
0000000000000
0000000000000
0000000000000
0000000000000
0000000000001
0000000000010
0000000000010
0000000000011
0000000000100
0000000000100
0000000000100
0000000000100
0000000000011
0000000000010
0000000000010
0000000000001
0000000000000
0000000000000
0000000000000
0000000000000
0000000000001
0000000000001
0000000000010
0000000000011
0000000000011
0000000000100
0000000000100
0000000000100
0000000000100
0000000000011
0000000000010
0000000000010
0000000000001
0000000000000
0000000000000
0000000000000
0000000000000
0000000000001
0000000000010
0000000000010
0000000000011
0000000000100
0000000000100
0000000000100
0000000000100
0000000000011
0000000000011
0000000000010
0000000000001
0000000000001
0000000000000
0000000000000
0000000000000
0000000000000
0000000000001
0000000000010
0000000000010
0000000000011
0000000000100
0000000000100
0000000000100
0000000000100
0000000000011
0000000000010
0000000000010
0000000000001
0000000000000
0000000000000
0000000000000
0000000000000
0000000000001
0000000000001
0000000000010
0000000000011
0000000000011
0000000000100
0000000000100
0000000000100
0000000000100
0000000000011
0000000000010
0000000000010
0000000000001
0000000000000
0000000000000
0000000000000
0000000000000
0000000000001
0000000000010
0000000000010
0000000000011
0000000000100
0000000000100
0000000000100
0000000000100
0000000000011
0000000000011
0000000000010
0000000000001
0000000000001
0000000000000
0000000000000
0000000000000
0000000000000
0000000000001
0000000000010
0000000000010
0000000000011
0000000000100
0000000000100
0000000000100
0000000000100
0000000000011
0000000000010
0000000000010
0000000000001
0000000000000
0000000000000
0000000000000
0000000000000
0000000000001
0000000000001
0000000000010
0000000000011
0000000000011
0000000000100
0000000000100
0000000000100
0000000000100
0000000000011
0000000000010
0000000000010
0000000000001
0000000000000
0000000000000
0000000000000
0000000000000
0000000000001
0000000000010
0000000000010
0000000000011
0000000000100
0000000000100
0000000000100
0000000000100
0000000000011
0000000000011
0000000000010
0000000000001
0000000000001
0000000000000
0000000000000
0000000000000
0000000000000
0000000000001
0000000000010
0000000000010
0000000000011
0000000000100
0000000000100
0000000000100
0000000000100
0000000000011
0000000000010
0000000000010
0000000000001
0000000000000
0000000000000
0000000000000
0000000000000
0000000000001
0000000000001
0000000000010
0000000000011
0000000000011
0000000000100
0000000000100
0000000000100
0000000000100
0000000000011
0000000000010
0000000000010
0000000000001
0000000000000
0000000000000
0000000000000
0000000000000
0000000000001
0000000000010
0000000000010
0000000000011
0000000000100
0000000000100
0000000000100
0000000000100
0000000000011
0000000000011
0000000000010
0000000000001
0000000000001
0000000000000
0000000000000
0000000000000
0000000000000
0000000000001
0000000000010
0000000000010
0000000000011
0000000000100
0000000000100
0000000000100
0000000000100
0000000000011
0000000000010
0000000000010
0000000000001
0000000000000
0000000000000
0000000000000
0000000000000
0000000000001
0000000000001
0000000000010
0000000000011
0000000000011
0000000000100
0000000000100
0000000000100
0000000000100
0000000000011
0000000000010
0000000000010
0000000000001
0000000000000
0000000000000
0000000000000
0000000000000
0000000000001
0000000000010
0000000000010
0000000000011
0000000000100
0000000000100
0000000000100
0000000000100
0000000000011
0000000000011
0000000000010
0000000000001
0000000000001
0000000000000
0000000000000
0000000000000
0000000000000
0000000000001
0000000000010
0000000000010
0000000000011
0000000000100
0000000000100
0000000000100
0000000000100
0000000000011
0000000000010
0000000000010
0000000000001
0000000000000
0000000000000
0000000000000
0000000000000
0000000000001
0000000000001
0000000000010
0000000000011
0000000000011
0000000000100
0000000000100
0000000000100
0000000000100
0000000000011
0000000000010
0000000000010
0000000000001
0000000000000
0000000000000
0000000000000
0000000000000
0000000000001
0000000000010
0000000000010
0000000000011
0000000000100
0000000000100
0000000000100
0000000000100
0000000000011
0000000000011
0000000000010
0000000000001
0000000000001
0000000000000
0000000000000
0000000000000
0000000000000
0000000000001
0000000000010
0000000000010
0000000000011
0000000000100
0000000000100
0000000000100
0000000000100
0000000000011
0000000000010
0000000000010
0000000000001
0000000000000
0000000000000
0000000000000
0000000000000
0000000000001
0000000000001
0000000000010
0000000000011
0000000000011
0000000000100
0000000000100
0000000000100
0000000000100
0000000000011
0000000000010
0000000000010
0000000000001
0000000000000
0000000000000
0000000000000
0000000000000
0000000000001
0000000000010
0000000000010
0000000000011
0000000000100
0000000000100
0000000000100
0000000000100
0000000000011
0000000000011
0000000000010
0000000000001
0000000000001
0000000000000
0000000000000
0000000000000
0000000000000
0000000000001
0000000000010
0000000000010
0000000000011
0000000000100
0000000000100
0000000000100
0000000000100
0000000000011
0000000000010
0000000000010
0000000000001
0000000000000
0000000000000
0000000000000
0000000000000
0000000000001
0000000000001
0000000000010
0000000000011
0000000000011
0000000000100
0000000000100
0000000000100
0000000000100
0000000000011
0000000000010
0000000000010
0000000000001
0000000000000
0000000000000
0000000000000
0000000000000
0000000000001
0000000000010
0000000000010
0000000000011
0000000000100
0000000000100
0000000000100
0000000000100
0000000000011
0000000000011
0000000000010
0000000000001
0000000000001
0000000000000
0000000000000
0000000000000
0000000000000
0000000000001
0000000000010
0000000000010
0000000000011
0000000000100
0000000000100
0000000000100
0000000000100
0000000000011
0000000000010
0000000000010
0000000000001
0000000000000
0000000000000
0000000000000
0000000000000
0000000000001
0000000000001
0000000000010
0000000000011
0000000000011
0000000000100
0000000000100
0000000000100
0000000000100
0000000000011
0000000000010
0000000000010
0000000000001
0000000000000
0000000000000
0000000000000
0000000000000
0000000000001
0000000000010
0000000000010
0000000000011
0000000000100
0000000000100
0000000000100
0000000000100
0000000000011
0000000000011
0000101101000
1000000000000
1000000000000
1000000000000
1000000000000
1000000000000
1000000000000
0111111111111
0111111111111
0111111111111
0111111111111
0111111111111
0111111111111
0111111111111
1000000000000
1000000000000
1000000000000
1000000000000
1000000000000
1000000000000
0000101101000
0111111111111
0111111111111
0111111111111
0111111111111
0111111111111
0111111111111
1000000000000
1000000000000
1000000000000
1000000000000
1000000000000
1000000000000
1000000000000
0111111111111
0111111111111
0111111111111
0111111111111
0111111111111
0111111111111
0000101101000
1000000000000
1000000000000
1000000000000
1000000000000
1000000000000
1000000000000
0111111111111
0111111111111
0111111111111
0111111111111
0111111111111
0111111111111
0111111111111
1000000000000
1000000000000
1000000000000
1000000000000
1000000000000
1000000000000
0000101101000
0111111111111
0111111111111
0111111111111
0111111111111
0111111111111
0111111111111
1000000000000
1000000000000
1000000000000
1000000000000
1000000000000
1000000000000
1000000000000
0111111111111
0111111111111
0111111111111
0111111111111
0111111111111
0111111111111
0000101101000
1000000000000
1000000000000
1000000000000
1000000000000
1000000000000
1000000000000
0111111111111
0111111111111
0111111111111
0111111111111
0111111111111
0111111111111
0111111111111
1000000000000
1000000000000
1000000000000
1000000000000
1000000000000
1000000000000
0000101101000
0111111111111
0111111111111
0111111111111
0111111111111
0111111111111
0111111111111
1000000000000
1000000000000
1000000000000
1000000000000
1000000000000
1000000000000
1000000000000
0111111111111
0111111111111
0111111111111
0111111111111
0111111111111
0111111111111
0000101101000
1000000000000
1000000000000
1000000000000
1000000000000
1000000000000
1000000000000
0111111111111
0111111111111
0111111111111
0111111111111
0111111111111
0111111111111
0111111111111
1000000000000
1000000000000
1000000000000
1000000000000
1000000000000
1000000000000
0000101101000
0111111111111
0111111111111
0111111111111
0111111111111
0111111111111
0111111111111
1000000000000
